time,indexfinger.X,indexfinger.Y,indexfinger.Z,hand.X,hand.Y,hand.Z,forearm.X,forearm.Y,forearm.Z,upperarm.X,upperarm.Y,upperarm.Z,rightShoulder.X,rightShoulder.Y,rightShoulder.Z,hmd.X,hmd.Y,hmd.Z,leftShoulder.X,leftShoulder.Y,leftShoulder.Z,indexfingerO.X,indexfingerO.Y,indexfingerO.Z,handO.X,handO.Y,handO.Z,forearmO.X,forearmO.Y,forearmO.Z,upperarmO.X,upperarmO.Y,upperarmO.Z,rightShoulderO.X,rightShoulderO.Y,rightShoulderO.Z,hmdO.X,hmdO.Y,hmdO.Z,leftShoulderO.X,leftShoulderO.Y,leftShoulderO.Z
0.0,-0.1260569,1.134096,0.1397496,0.0807268,1.133164,0.1080142,0.1829675,1.166752,0.0333206,0.2504052,1.314141,-0.0778335,0.115045,1.473473,-0.0180038,-0.0302141,1.717698,0.1085775,-0.1781369,1.469566,-0.0238462,-0.0452338,0.5594915,0.8258839,-0.1392786,-0.2456711,-0.1400774,-0.4087905,0.2150803,0.5800731,0.6068243,0.2998739,-0.1514416,0.142736,-0.2276524,-0.1029339,-0.1876988,-0.0085202,-0.0487041,-0.1818445,-0.3897088,-0.1535301
0.023,-0.1270933,1.135102,0.1351205,0.0803345,1.13397,0.1076457,0.1832074,1.167972,0.0333356,0.250683,1.315257,-0.0784467,0.1150283,1.473938,-0.0181961,-0.0303856,1.717473,0.1086436,-0.1778495,1.469151,-0.0238131,-0.0539648,0.5581611,0.8267146,-0.1377978,-0.2375918,-0.14105,-0.4104271,0.2121327,0.5841655,0.6110078,0.2955483,-0.1506083,0.1446291,-0.229329,-0.1043694,-0.1907955,-0.0081029,-0.0489637,-0.1815631,-0.389821,-0.1540147
0.0512,-0.1285651,1.134479,0.1280288,0.0794633,1.13402,0.1063491,0.1829557,1.167946,0.0328142,0.2510066,1.31581,-0.0782639,0.1151296,1.474301,-0.0185288,-0.0304334,1.716884,0.1085758,-0.1776085,1.468972,-0.0238843,-0.072033,0.5516463,0.8301067,-0.1295706,-0.2351088,-0.143604,-0.4072784,0.2157266,0.5732493,0.61281,0.2920433,-0.1453069,0.1419709,-0.2284092,-0.1065228,-0.1915856,-0.0088748,-0.049767,-0.1788007,-0.3905193,-0.1515349
0.0734,-0.1292649,1.133805,0.1230653,0.0792184,1.134347,0.1053343,0.1825945,1.168225,0.032382,0.251056,1.31634,-0.0780958,0.1151855,1.47457,-0.0186746,-0.0303175,1.716937,0.1085826,-0.1775049,1.468797,-0.0238787,-0.0836267,0.5489017,0.8311935,-0.1280137,-0.2358128,-0.1457502,-0.410329,0.2154283,0.573387,0.6162244,0.289377,-0.1431734,0.1389726,-0.225418,-0.1072003,-0.1929318,-0.0097035,-0.0496144,-0.1787065,-0.3917997,-0.1504399
0.096,-0.1293748,1.132394,0.1180931,0.0794107,1.133936,0.1044218,0.1826774,1.167819,0.0313648,0.2515785,1.316683,-0.0779859,0.1151564,1.474643,-0.0187228,-0.0300231,1.717254,0.1086896,-0.1773454,1.468553,-0.0239904,-0.0984538,0.5390226,0.8362067,-0.1271855,-0.2344194,-0.1472453,-0.4125282,0.2179046,0.5669594,0.6173061,0.2847895,-0.1378789,0.1384443,-0.2238044,-0.1082379,-0.194629,-0.0112574,-0.0499773,-0.177557,-0.3928169,-0.1491799
0.1179,-0.129172,1.132784,0.1171114,0.0794562,1.134119,0.1038712,0.1829174,1.168377,0.0315129,0.2522111,1.316908,-0.0780731,0.1149413,1.474488,-0.018514,-0.029992,1.717257,0.108755,-0.1775131,1.468323,-0.0239588,-0.0979436,0.5387421,0.8365588,-0.1267425,-0.2378993,-0.1503803,-0.4135244,0.2115619,0.5794731,0.6183613,0.2837564,-0.1335062,0.1407228,-0.225068,-0.1095542,-0.1947252,-0.0130748,-0.0499376,-0.1787821,-0.3919929,-0.1483401
0.1407,-0.128748,1.132297,0.1166817,0.079674,1.133103,0.1036192,0.1835629,1.167642,0.0314675,0.2520791,1.316777,-0.0779658,0.1150228,1.474557,-0.0187502,-0.0297621,1.717378,0.1088151,-0.1776323,1.467976,-0.0240614,-0.101116,0.5408775,0.8348046,-0.1227126,-0.2402807,-0.148113,-0.411711,0.2151189,0.5742835,0.6149547,0.2886876,-0.1360447,0.1375271,-0.2227686,-0.1089966,-0.1950249,-0.0139552,-0.0500248,-0.1791788,-0.3905471,-0.1486724
0.162,-0.1282151,1.132246,0.1183731,0.0798729,1.13331,0.103621,0.1838188,1.167518,0.0313854,0.2521801,1.316864,-0.0776747,0.1148196,1.474401,-0.0186885,-0.0295363,1.717154,0.1087748,-0.1775385,1.467938,-0.0242659,-0.0960997,0.5386088,0.8367959,-0.1276048,-0.2410628,-0.149666,-0.4144433,0.2154922,0.5670758,0.6132928,0.2927893,-0.139166,0.1387292,-0.2238231,-0.1093205,-0.1945032,-0.0151624,-0.0504783,-0.1788627,-0.3897121,-0.1488328
0.1843,-0.1280112,1.131488,0.1193619,0.0801746,1.133228,0.1036568,0.1839268,1.167627,0.0314296,0.2524404,1.316891,-0.0778915,0.1147227,1.474261,-0.0187395,-0.0294576,1.717093,0.1088206,-0.177561,1.467712,-0.0243665,-0.0947043,0.5392216,0.8364505,-0.1299392,-0.2401779,-0.1493388,-0.4154152,0.2151909,0.5668083,0.6150367,0.2906091,-0.1374321,0.1382931,-0.2229307,-0.1100235,-0.1935768,-0.0163438,-0.0499642,-0.1769742,-0.390806,-0.1482503
0.2066,-0.1281172,1.130841,0.1202784,0.0801946,1.133038,0.1037054,0.1838674,1.167604,0.0312832,0.251917,1.316517,-0.0775812,0.1145104,1.473867,-0.0185537,-0.0290527,1.717025,0.1089666,-0.1778846,1.467667,-0.0246285,-0.0926342,0.5461105,0.8320971,-0.1302883,-0.2393712,-0.1499387,-0.4168556,0.21627,0.5669217,0.6121693,0.2937801,-0.1400224,0.1396644,-0.2231685,-0.1097162,-0.1932691,-0.0173318,-0.050755,-0.1762472,-0.3906701,-0.1501603
0.2289,-0.1282997,1.130362,0.1204897,0.0799031,1.132846,0.1036565,0.1835453,1.167351,0.0314467,0.2518031,1.316558,-0.0775694,0.1147893,1.473544,-0.0183765,-0.0288145,1.717034,0.1090087,-0.1778837,1.467718,-0.0247667,-0.0913932,0.5450763,0.8328315,-0.1301346,-0.2384608,-0.1502094,-0.4148043,0.2157329,0.5693603,0.6147149,0.2920192,-0.140103,0.1421257,-0.2214031,-0.1107434,-0.1928397,-0.0181152,-0.0496411,-0.1773649,-0.391324,-0.1506153
0.2511,-0.1290435,1.129856,0.119383,0.0792268,1.132666,0.1034573,0.1831994,1.167016,0.0315503,0.2519607,1.316387,-0.0775132,0.1145834,1.473367,-0.0184514,-0.028793,1.716685,0.1091544,-0.1778361,1.467587,-0.0251349,-0.0953287,0.540058,0.8357399,-0.1272229,-0.2399695,-0.1516756,-0.4133407,0.2160474,0.5689421,0.6164964,0.2880177,-0.1381933,0.1411943,-0.2202516,-0.1099589,-0.1922612,-0.0200967,-0.0495435,-0.1756538,-0.3924617,-0.1506366
0.2741,-0.1295734,1.130171,0.1184779,0.0789512,1.132276,0.1034029,0.1828024,1.166916,0.0312454,0.2506966,1.316,-0.0771468,0.1143605,1.473432,-0.0186556,-0.0287582,1.716926,0.1092769,-0.1778354,1.467524,-0.025542,-0.0957389,0.5396076,0.8360861,-0.1260392,-0.2392601,-0.1511342,-0.419876,0.2152245,0.5699576,0.613963,0.2944353,-0.1447592,0.1371251,-0.2184352,-0.1083522,-0.1934516,-0.0206216,-0.0487064,-0.1746145,-0.3925702,-0.1502034
0.2958,-0.1299689,1.129936,0.1177728,0.078555,1.132195,0.1036234,0.1823444,1.167118,0.0315222,0.2514639,1.315924,-0.0772164,0.1140462,1.473202,-0.018346,-0.0285946,1.716897,0.109183,-0.1779578,1.467537,-0.0258856,-0.0985396,0.5411143,0.8348294,-0.1265067,-0.2357901,-0.1498866,-0.4150601,0.2182213,0.5735382,0.6175919,0.2865767,-0.1380007,0.1406228,-0.219773,-0.1076783,-0.1935482,-0.0215971,-0.0480703,-0.1740939,-0.3932504,-0.1502203
0.3175,-0.1305208,1.129397,0.1167724,0.0778994,1.132108,0.103817,0.1817601,1.166538,0.0320214,0.2507684,1.3151,-0.0763665,0.1140288,1.473017,-0.018613,-0.0285259,1.71668,0.1090695,-0.1780897,1.467355,-0.0263947,-0.1010692,0.5381907,0.8364717,-0.1255648,-0.234371,-0.1504695,-0.4153336,0.2182638,0.5685439,0.610899,0.2917622,-0.1446021,0.139753,-0.216259,-0.1097011,-0.1936776,-0.0228454,-0.0490238,-0.1733192,-0.3943858,-0.149826
0.3399,-0.1308781,1.128913,0.1164819,0.0777787,1.132089,0.1041383,0.1816883,1.166108,0.0324256,0.2515174,1.315478,-0.076494,0.1139477,1.472927,-0.0187275,-0.0285457,1.716848,0.1089852,-0.1785684,1.466918,-0.0268495,-0.1032924,0.5385558,0.8359213,-0.1261711,-0.2313685,-0.1492672,-0.4130053,0.2212705,0.5638855,0.6173589,0.2838317,-0.1365049,0.13885,-0.2157469,-0.108971,-0.1941731,-0.023062,-0.0482089,-0.1749067,-0.3909148,-0.1524599
0.3617,-0.1309629,1.128835,0.1159281,0.0775348,1.132138,0.1046836,0.1817335,1.166486,0.0325814,0.2511507,1.315054,-0.075792,0.1137604,1.472795,-0.0186516,-0.0285295,1.716878,0.1087749,-0.1786352,1.466878,-0.0271411,-0.1066933,0.5399429,0.8345774,-0.1254168,-0.2282606,-0.1500702,-0.419197,0.2216359,0.5688388,0.6120298,0.2887807,-0.1388322,0.141901,-0.2165116,-0.1088452,-0.1948077,-0.0226354,-0.0483903,-0.1753403,-0.392132,-0.1529057
0.3848,-0.1311207,1.128496,0.1154416,0.0772958,1.132177,0.1048692,0.1819577,1.166603,0.0334436,0.2515975,1.314769,-0.0751905,0.1135257,1.472504,-0.0187352,-0.0286346,1.716709,0.1086032,-0.1784875,1.467109,-0.0279321,-0.1080479,0.5403174,0.834201,-0.1213492,-0.2291117,-0.1515705,-0.4156208,0.2224122,0.5691776,0.6101057,0.288149,-0.1352715,0.1458285,-0.2160039,-0.1082784,-0.1949773,-0.0231963,-0.0485772,-0.1722704,-0.3920265,-0.1501597
0.4074,-0.1314709,1.127442,0.1152589,0.0772398,1.131971,0.1055023,0.1821348,1.166164,0.0346546,0.2520183,1.314563,-0.0741586,0.1134309,1.472348,-0.0191679,-0.0289864,1.716348,0.108037,-0.1781793,1.466898,-0.0287474,-0.1106536,0.5410443,0.8333353,-0.12071,-0.2261054,-0.1529467,-0.4159275,0.2264719,0.5671125,0.6084711,0.2874579,-0.1339179,0.1420472,-0.2125833,-0.1080283,-0.1940371,-0.0244204,-0.0481191,-0.1710081,-0.3948788,-0.149129
0.4302,-0.1312011,1.126389,0.1149098,0.0772779,1.131288,0.1062618,0.1825718,1.165841,0.0359152,0.2519946,1.314355,-0.0731946,0.1133617,1.471863,-0.0188443,-0.0292042,1.716369,0.1076888,-0.1784117,1.466652,-0.0292152,-0.1143739,0.5408909,0.8328714,-0.1232406,-0.2213033,-0.15026,-0.4210883,0.2261625,0.559884,0.6066473,0.2884412,-0.1349581,0.1486449,-0.214035,-0.1083832,-0.1943934,-0.0246052,-0.0479513,-0.1749927,-0.3940726,-0.1507073
0.4529,-0.131512,1.124905,0.1146835,0.0770246,1.130531,0.1071646,0.1825843,1.16545,0.0376287,0.2533856,1.314092,-0.0723746,0.1133339,1.471565,-0.0190437,-0.029308,1.71671,0.1072726,-0.1783678,1.466595,-0.0298974,-0.1185411,0.5430037,0.8309751,-0.1232254,-0.2198372,-0.152683,-0.4188857,0.227026,0.5573301,0.6087776,0.2800206,-0.1250707,0.1494433,-0.210302,-0.1082108,-0.1964498,-0.0237424,-0.0480311,-0.1751202,-0.3952504,-0.1497936
0.4757,-0.131574,1.123448,0.1153177,0.076985,1.129953,0.1089496,0.1829368,1.165389,0.0398507,0.2531886,1.313342,-0.0705321,0.113405,1.471158,-0.0192614,-0.0295519,1.716741,0.1068672,-0.1783763,1.466378,-0.0306433,-0.1232416,0.5435759,0.8298575,-0.1256592,-0.2153526,-0.1518544,-0.4192263,0.2305612,0.5549377,0.6032853,0.2839221,-0.1283972,0.1520798,-0.2066494,-0.1086375,-0.1967397,-0.0239825,-0.0472538,-0.174158,-0.3971808,-0.1489031
0.498,-0.1312169,1.120949,0.1175352,0.0769475,1.129202,0.1128176,0.1832692,1.16451,0.0443053,0.2536675,1.312431,-0.0674308,0.1132425,1.470401,-0.0198726,-0.0300537,1.716787,0.1061072,-0.1787911,1.466162,-0.0318845,-0.1293098,0.5429056,0.829363,-0.1224284,-0.2129065,-0.1537406,-0.4148987,0.2380889,0.5464099,0.5978297,0.2802403,-0.1262852,0.154438,-0.1997938,-0.110717,-0.1974987,-0.0250571,-0.0471541,-0.1751085,-0.3960729,-0.1482688
0.5208,-0.1308272,1.117281,0.1208652,0.0769366,1.129081,0.1165496,0.1832258,1.16467,0.0484135,0.253885,1.311992,-0.0644364,0.113045,1.469885,-0.0200095,-0.0303975,1.716507,0.1053293,-0.1787466,1.465991,-0.0327177,-0.1382609,0.5413387,0.8287154,-0.1220288,-0.2128874,-0.1570566,-0.4198049,0.2360704,0.5458464,0.5898854,0.2816006,-0.1277257,0.1593014,-0.2000826,-0.1098369,-0.1966118,-0.0255739,-0.0473582,-0.1755864,-0.4020469,-0.1467841
0.5436,-0.1299641,1.11352,0.1270153,0.0771488,1.129275,0.1210018,0.1830196,1.165385,0.0533178,0.2542207,1.312258,-0.0606652,0.1126632,1.469479,-0.0204618,-0.0308036,1.716451,0.1046264,-0.17917,1.465783,-0.0338347,-0.1439572,0.5415077,0.8271164,-0.1135209,-0.2210602,-0.1606824,-0.4198598,0.2441195,0.5315974,0.5845549,0.2776549,-0.1278391,0.1602081,-0.1957237,-0.1086652,-0.1974772,-0.0260078,-0.0474958,-0.1787573,-0.3996236,-0.1485872
0.5663,-0.1285266,1.107555,0.1408377,0.0773135,1.131465,0.1300763,0.1825761,1.169116,0.0636501,0.254595,1.312628,-0.0537523,0.1120509,1.46886,-0.020994,-0.0309865,1.716033,0.103054,-0.1793556,1.465656,-0.0352642,-0.147614,0.5512669,0.8183748,-0.0953646,-0.2344541,-0.1681128,-0.4245957,0.2458353,0.531959,0.5731277,0.271941,-0.1248319,0.1652821,-0.1873493,-0.1077362,-0.1973364,-0.0270686,-0.0468915,-0.1796449,-0.4041672,-0.1447009
0.5888,-0.1271851,1.104935,0.1527532,0.0775171,1.134808,0.1378417,0.1825396,1.170844,0.0704545,0.2554185,1.313295,-0.0485635,0.1114666,1.468708,-0.0212911,-0.0314567,1.715988,0.1020757,-0.1794164,1.465479,-0.0367151,-0.1479399,0.5697448,0.8036494,-0.0749184,-0.2439889,-0.1782591,-0.4191786,0.2614613,0.5138376,0.5658593,0.2636446,-0.1140594,0.16657,-0.1834709,-0.1082379,-0.1976249,-0.0278592,-0.046394,-0.180248,-0.4032159,-0.1464218
0.6111,-0.1247902,1.103555,0.1663178,0.078226,1.139482,0.1472008,0.1825227,1.174366,0.0792589,0.2555948,1.314535,-0.0425386,0.1108603,1.468218,-0.0217399,-0.0313246,1.715775,0.1006639,-0.1793999,1.465387,-0.0379739,-0.150518,0.5840744,0.7902926,-0.0482408,-0.2545252,-0.1886911,-0.416468,0.2713037,0.4975881,0.5569676,0.2557854,-0.109417,0.1685391,-0.1778638,-0.1078476,-0.1980996,-0.0277262,-0.0462232,-0.1773342,-0.4056146,-0.1438199
0.6335,-0.1215963,1.101082,0.1809817,0.0793,1.145329,0.1578136,0.1826093,1.178106,0.0904377,0.2552334,1.315986,-0.0360144,0.1101865,1.467861,-0.0220911,-0.031528,1.716053,0.0996089,-0.1798929,1.46528,-0.0393549,-0.1609605,0.5937843,0.7769005,-0.0167598,-0.2677498,-0.2006429,-0.3992078,0.2792218,0.478476,0.545817,0.2501816,-0.1081526,0.1723039,-0.1718755,-0.1068447,-0.2000967,-0.0292062,-0.045349,-0.1801948,-0.4070317,-0.1437676
0.6557,-0.1152664,1.101993,0.2078771,0.0807268,1.157574,0.1762264,0.1830292,1.18798,0.107122,0.2554402,1.319656,-0.0253918,0.1089375,1.467545,-0.0221194,-0.0315597,1.71541,0.0975014,-0.1799113,1.465106,-0.041556,-0.1684431,0.6118298,0.753441,0.027806,-0.2868137,-0.2150668,-0.3838277,0.297092,0.460973,0.5255198,0.2408636,-0.1050585,0.1804421,-0.162591,-0.1052911,-0.1990428,-0.0301253,-0.043586,-0.180143,-0.4090906,-0.1427473
0.6777,-0.110201,1.1051,0.2290588,0.0819011,1.168018,0.1898942,0.1828596,1.195427,0.1192922,0.254974,1.322672,-0.0181478,0.1083447,1.46762,-0.0225795,-0.0313939,1.715462,0.095901,-0.1803592,1.464969,-0.043155,-0.1716385,0.6276871,0.7318026,0.0669774,-0.3027337,-0.2259123,-0.3723561,0.3049824,0.4440822,0.5099607,0.2355407,-0.1041953,0.1812723,-0.1533584,-0.1054863,-0.200825,-0.0305572,-0.0438134,-0.1821764,-0.4097961,-0.1424723
0.7001,-0.1046722,1.111112,0.2532437,0.0831065,1.180617,0.2044627,0.1830257,1.204963,0.1325899,0.2549922,1.32631,-0.0103764,0.1073527,1.46764,-0.0229451,-0.0314055,1.715311,0.0946172,-0.1807791,1.465216,-0.0445015,-0.1708273,0.6484103,0.7028472,0.1130394,-0.3180233,-0.2364253,-0.356813,0.3134226,0.430063,0.4924892,0.2304833,-0.1024436,0.1830934,-0.1472332,-0.1050033,-0.2026984,-0.0317886,-0.0423167,-0.1830574,-0.409629,-0.1417966
0.723,-0.0988187,1.120931,0.2789142,0.0840658,1.194475,0.2190031,0.1828185,1.216037,0.1460562,0.2547505,1.330903,-0.0022256,0.1063314,1.467483,-0.0232071,-0.031248,1.715302,0.0932813,-0.1805254,1.464931,-0.0461805,-0.165539,0.6742532,0.6678071,0.1613454,-0.337382,-0.2470917,-0.3378962,0.3268416,0.4124564,0.4720445,0.2235488,-0.1023955,0.1877978,-0.1433407,-0.1041682,-0.204126,-0.0332416,-0.0410947,-0.1836515,-0.413657,-0.1404731
0.7452,-0.0929886,1.133106,0.3051833,0.0847122,1.209532,0.23362,0.1820608,1.227927,0.1591366,0.2544865,1.33615,0.0060804,0.1055406,1.467935,-0.0233608,-0.0308134,1.714952,0.0916647,-0.180624,1.464876,-0.0480717,-0.1614188,0.6992513,0.6292804,0.2074816,-0.3575362,-0.2537381,-0.3306204,0.3341852,0.3968754,0.4518153,0.2167418,-0.1011533,0.1893267,-0.139428,-0.1015757,-0.205039,-0.0342037,-0.0388097,-0.1814836,-0.4153271,-0.1397453
0.7674,-0.083868,1.155935,0.3444451,0.0855372,1.233485,0.2557644,0.181172,1.247312,0.1803602,0.2535377,1.345486,0.0187551,0.1041498,1.46832,-0.0239767,-0.0302625,1.714728,0.0894001,-0.1805887,1.464823,-0.0501608,-0.1520141,0.7228612,0.5804681,0.2628464,-0.386692,-0.263417,-0.2981308,0.3490085,0.3696945,0.4189587,0.2014995,-0.0972075,0.1907024,-0.1270901,-0.0991812,-0.207121,-0.0360556,-0.0365192,-0.1833595,-0.4164749,-0.1393128
0.7896,-0.0774758,1.171997,0.3682961,0.0861096,1.250592,0.2707686,0.1806615,1.261499,0.1948482,0.2518087,1.352537,0.0273524,0.1038686,1.468599,-0.0244302,-0.0299416,1.714614,0.0880049,-0.1804525,1.464847,-0.0515086,-0.1519711,0.7321334,0.5530684,0.2952426,-0.4001057,-0.270316,-0.2749287,0.3557447,0.3486657,0.3958361,0.1920779,-0.0949923,0.1901593,-0.1196052,-0.1022904,-0.2084728,-0.0389412,-0.0343837,-0.1845494,-0.421382,-0.1368037
0.8119,-0.0708623,1.189274,0.3921161,0.0859644,1.268915,0.2851774,0.1797262,1.277001,0.2086183,0.2503087,1.360365,0.0359565,0.1029863,1.469516,-0.0244027,-0.0292712,1.714476,0.0865633,-0.1806199,1.464906,-0.0530554,-0.1494818,0.7411705,0.5204157,0.3249356,-0.4088578,-0.2797256,-0.2549911,0.3612702,0.3283344,0.3734739,0.1791091,-0.0886832,0.1907688,-0.109434,-0.1036583,-0.2107039,-0.0402968,-0.0343526,-0.1861204,-0.4207831,-0.1373025
0.8346,-0.064379,1.207282,0.4144421,0.0853027,1.287756,0.2987273,0.1786429,1.29292,0.2216355,0.2488091,1.36854,0.0440401,0.1025404,1.470209,-0.024566,-0.0285999,1.714572,0.0853297,-0.1803148,1.465172,-0.054681,-0.1509354,0.7478884,0.4860031,0.3634956,-0.41914,-0.2871054,-0.2317492,0.3682787,0.2992519,0.3514188,0.1666525,-0.0779171,0.1889362,-0.0968298,-0.1048781,-0.2134297,-0.0416522,-0.0336964,-0.1844992,-0.4243679,-0.1349666
0.8568,-0.0566388,1.238946,0.4458516,0.0843256,1.316092,0.3175085,0.1766775,1.318015,0.2401927,0.246094,1.382361,0.0560777,0.1015332,1.471737,-0.0247584,-0.0276609,1.713968,0.0832996,-0.180197,1.465467,-0.0567124,-0.1441346,0.758904,0.4372094,0.422439,-0.432469,-0.2940918,-0.1993677,0.3748692,0.2611343,0.316261,0.1512613,-0.067325,0.1829658,-0.0771175,-0.1077921,-0.2150155,-0.0443062,-0.0317065,-0.1873899,-0.4268688,-0.1348303
0.8794,-0.0521182,1.262345,0.4663131,0.0834243,1.334719,0.3296525,0.175157,1.334197,0.2519135,0.2439709,1.391843,0.0637025,0.1008042,1.472877,-0.0247517,-0.0269463,1.714041,0.0821598,-0.1805886,1.465924,-0.0581353,-0.1379579,0.7686633,0.3991693,0.4548389,-0.4416595,-0.2952935,-0.1802079,0.3759797,0.2348555,0.2901871,0.1389742,-0.0659004,0.1783127,-0.064266,-0.1115376,-0.2175926,-0.0451555,-0.0323138,-0.1897565,-0.4247446,-0.136073
0.9012,-0.0486976,1.28797,0.48627,0.0826827,1.352884,0.34143,0.1733193,1.351665,0.2630974,0.2423185,1.402379,0.0704392,0.1005585,1.474091,-0.0245109,-0.0261857,1.713653,0.0807551,-0.1803044,1.466044,-0.0596045,-0.1270639,0.7819196,0.3543439,0.4846209,-0.4507712,-0.2971288,-0.1653839,0.3737303,0.2171956,0.270246,0.127997,-0.0531739,0.1761305,-0.0490406,-0.1150112,-0.2185908,-0.0463605,-0.0315518,-0.1890686,-0.4279298,-0.1352264
0.9234,-0.0451743,1.313296,0.5056253,0.0816434,1.370881,0.3530659,0.1710864,1.368569,0.2737987,0.2393675,1.41281,0.0767502,0.100037,1.475568,-0.0244389,-0.0257296,1.713428,0.0798522,-0.1799989,1.466232,-0.0608442,-0.1130702,0.7901559,0.3105091,0.5092334,-0.4570681,-0.3013534,-0.1516419,0.3709928,0.196293,0.2463615,0.1183808,-0.0494836,0.1708078,-0.0362479,-0.1190335,-0.2203534,-0.0478768,-0.030816,-0.1903238,-0.4291857,-0.1353238
0.9457,-0.0420055,1.338708,0.523347,0.0802318,1.388858,0.3646496,0.1689344,1.385241,0.2845166,0.2365558,1.423131,0.0824769,0.0997392,1.477162,-0.0244383,-0.0250513,1.713321,0.0789271,-0.1797135,1.466292,-0.0619644,-0.1009646,0.79927,0.2615773,0.532412,-0.4605811,-0.3065513,-0.1322512,0.3653067,0.1680559,0.224435,0.104794,-0.0410255,0.1632946,-0.0222052,-0.1251226,-0.222225,-0.0489664,-0.0297902,-0.1907604,-0.4317122,-0.133797
0.9674,-0.0369869,1.375745,0.5486706,0.0783128,1.41491,0.3819901,0.1655327,1.409434,0.299207,0.2315301,1.438475,0.0904338,0.0982517,1.479086,-0.0239022,-0.0239619,1.712885,0.0774845,-0.1794181,1.46639,-0.0637414,-0.0756857,0.8033657,0.2092013,0.5629873,-0.4668818,-0.3176161,-0.1083518,0.355321,0.1330099,0.1929162,0.0857386,-0.024997,0.1580084,-0.0090044,-0.1302291,-0.2235193,-0.0497315,-0.0274844,-0.1911182,-0.4339468,-0.1337514
0.99,-0.0322289,1.399047,0.5651356,0.0774699,1.431917,0.3934609,0.1626634,1.425805,0.3089816,0.2278158,1.44818,0.0948212,0.0973886,1.480465,-0.0234584,-0.0231701,1.712726,0.0767117,-0.1793359,1.466393,-0.0649058,-0.0638256,0.8013575,0.1694655,0.5751224,-0.4717365,-0.327945,-0.0895221,0.3422956,0.1181865,0.1751365,0.0730898,-0.0118583,0.1532845,0.0015976,-0.1347479,-0.2256144,-0.0508649,-0.025918,-0.1911934,-0.4348541,-0.1339178
1.0118,-0.0286698,1.421333,0.5804724,0.0769951,1.448137,0.4050056,0.1594262,1.441844,0.317888,0.2229576,1.457924,0.0994472,0.0967121,1.481923,-0.0235167,-0.0223042,1.712104,0.0758322,-0.1788459,1.466197,-0.0661972,-0.0457103,0.7989351,0.149909,0.5827441,-0.4783814,-0.33647,-0.0755386,0.3349387,0.1027059,0.1533235,0.0609906,-0.0097989,0.1431668,0.0110859,-0.140344,-0.2260672,-0.0522348,-0.0243865,-0.1897548,-0.4370059,-0.1339758
1.0344,-0.0247025,1.44151,0.5947347,0.0765831,1.464009,0.4163774,0.1568501,1.456642,0.3262244,0.2178925,1.466546,0.1035339,0.0954435,1.482812,-0.0228615,-0.0216745,1.711835,0.0752758,-0.1788962,1.466299,-0.0669963,-0.0355985,0.7958167,0.1280625,0.5845935,-0.4853364,-0.3414732,-0.0667192,0.32286,0.096479,0.1315743,0.0467532,-0.0063664,0.1439063,0.0188608,-0.144228,-0.2291069,-0.0537501,-0.0248214,-0.1930728,-0.4381283,-0.1329026
1.0562,-0.0193463,1.469861,0.6137542,0.0771757,1.486628,0.4321041,0.1534913,1.476892,0.3379191,0.2105527,1.479741,0.1084261,0.0937878,1.484617,-0.0224863,-0.0203506,1.711464,0.0740993,-0.1784902,1.466196,-0.0685433,-0.021049,0.7909732,0.1176487,0.5855888,-0.4980393,-0.3472352,-0.0593471,0.3072455,0.0881921,0.1078228,0.0265534,0.0099229,0.1351352,0.0325197,-0.152332,-0.2312073,-0.0545498,-0.021595,-0.191943,-0.4418731,-0.1325646
1.0783,-0.0164002,1.488123,0.6247442,0.0779874,1.500903,0.4415397,0.151448,1.490077,0.3453919,0.2059494,1.487574,0.111504,0.0925652,1.485515,-0.0221725,-0.019564,1.711143,0.0733446,-0.178239,1.465971,-0.0695124,-0.0164163,0.7912084,0.1046623,0.5889899,-0.5083848,-0.3475347,-0.05199,0.2886833,0.0898414,0.0900438,0.0132266,0.0201017,0.1334683,0.038939,-0.1594736,-0.2322809,-0.0558498,-0.0206744,-0.191758,-0.444257,-0.1313645
1.1004,-0.0130921,1.505366,0.634832,0.0786088,1.515009,0.4495777,0.1493334,1.502254,0.3512823,0.2000352,1.494026,0.1137463,0.0913793,1.486629,-0.0221268,-0.0189545,1.710927,0.0728857,-0.178044,1.466053,-0.0704141,-0.0165745,0.7881898,0.0911065,0.5883123,-0.5181031,-0.3499305,-0.043241,0.2756633,0.0914638,0.0770414,0.0034503,0.0161823,0.1267126,0.0456978,-0.1628798,-0.2333927,-0.0568588,-0.019776,-0.1898324,-0.4494001,-0.1299709
1.123,-0.0080457,1.521746,0.6438942,0.0792499,1.528299,0.4563534,0.1478246,1.513777,0.3565473,0.1953401,1.50026,0.1160543,0.0897147,1.487842,-0.0215969,-0.0181135,1.710544,0.0721682,-0.1781463,1.465501,-0.0718872,-0.0124445,0.7823136,0.0812058,0.5872671,-0.5274822,-0.3536046,-0.0293381,0.2648115,0.0807966,0.0634619,-0.0088364,0.0213847,0.1206248,0.0488591,-0.1648859,-0.2334759,-0.0585555,-0.0184173,-0.1883574,-0.4468767,-0.1326523
1.1451,-0.0033341,1.536327,0.6519853,0.079657,1.540155,0.4623932,0.1459202,1.524023,0.3608329,0.1914082,1.505851,0.1175948,0.088586,1.488097,-0.0214445,-0.0177064,1.710568,0.0717208,-0.1779938,1.465759,-0.0724765,-0.0043106,0.7739842,0.0814112,0.5869852,-0.5370265,-0.3533215,-0.0222125,0.2533486,0.0769625,0.0540933,-0.0169511,0.028354,0.1195615,0.0520052,-0.1657209,-0.2347288,-0.0603414,-0.0174727,-0.1873537,-0.4519227,-0.1310356
1.1673,0.0004032,1.55664,0.6606262,0.0804306,1.556683,0.4694479,0.1435846,1.538404,0.3662028,0.1867497,1.513478,0.119877,0.0869228,1.490955,-0.023947,-0.0167784,1.710786,0.0712493,-0.1783699,1.465697,-0.0734825,0.0005747,0.7715349,0.0716152,0.5883189,-0.5454271,-0.3557688,-0.0080304,0.2387287,0.0762051,0.0400684,-0.0266222,0.0376351,0.0846655,0.0505134,-0.1753143,-0.2374544,-0.0608255,-0.0161167,-0.1887444,-0.4545341,-0.1316153
1.1896,0.0015672,1.569256,0.6647668,0.0812541,1.566452,0.4730676,0.1424993,1.54696,0.3689788,0.1842933,1.517787,0.1208336,0.0851556,1.489661,-0.0192655,-0.0163791,1.710473,0.0707078,-0.178642,1.465677,-0.0740096,0.0027384,0.7715446,0.0628043,0.5893143,-0.5525381,-0.354084,-0.0007536,0.2310694,0.0797146,0.0350234,-0.0322526,0.0460384,0.1175688,0.0572783,-0.169295,-0.2363891,-0.0626203,-0.0159126,-0.1884926,-0.4570665,-0.1319916
1.212,0.0021492,1.580881,0.6677436,0.0814028,1.575718,0.4758457,0.1413211,1.554963,0.3709363,0.1813549,1.521824,0.1220718,0.0837441,1.489958,-0.0184571,-0.0159301,1.710356,0.0703644,-0.1787861,1.465593,-0.074631,0.0064507,0.7734389,0.0572006,0.588809,-0.5578882,-0.3538489,0.0041316,0.2253485,0.0847805,0.0244448,-0.0385494,0.0429544,0.1208685,0.0549735,-0.1682051,-0.235721,-0.0628362,-0.0153606,-0.1882112,-0.4592606,-0.1320277
1.2344,0.0046751,1.591545,0.6707056,0.0812031,1.584529,0.4776944,0.1405279,1.561928,0.37261,0.17937,1.525458,0.1229295,0.0818799,1.487926,-0.0163795,-0.0158194,1.710417,0.0703117,-0.178845,1.465472,-0.0751113,0.0107476,0.7693048,0.0511516,0.5867705,-0.5623121,-0.3569497,0.0119468,0.2205993,0.0786839,0.018128,-0.042685,0.0499276,0.1635288,0.0320702,-0.1657339,-0.235523,-0.0642942,-0.0142468,-0.1879762,-0.4615673,-0.1315518
1.2567,0.00874,1.604796,0.6742122,0.0810246,1.595815,0.4800387,0.1386432,1.571859,0.3740376,0.1769085,1.530638,0.1239248,0.0817443,1.491517,-0.017517,-0.0153915,1.71013,0.0700005,-0.1786888,1.465542,-0.075813,0.0157036,0.7623664,0.0489213,0.5879095,-0.5684852,-0.3584767,0.0204217,0.2145265,0.0803143,0.0077964,-0.0469558,0.0589208,0.1124905,0.0527265,-0.1705971,-0.2351289,-0.0649516,-0.0136076,-0.1851396,-0.464857,-0.1315634
1.2785,0.0092179,1.61234,0.6755732,0.0809606,1.602762,0.4808288,0.1378243,1.577473,0.3744652,0.1754319,1.533617,0.1241295,0.0811878,1.492229,-0.0173448,-0.0153905,1.71053,0.0701136,-0.1787576,1.465381,-0.0760444,0.0167285,0.7612938,0.0462768,0.5897872,-0.5695149,-0.3596895,0.0241939,0.2132062,0.0772225,0.0028654,-0.0498996,0.0610816,0.106513,0.052365,-0.1720441,-0.2360248,-0.0648445,-0.0135853,-0.1853307,-0.4657035,-0.1323376
1.3002,0.0090836,1.619043,0.6761261,0.0807231,1.608763,0.481144,0.137274,1.582501,0.3748488,0.174872,1.536555,0.1244474,0.0831955,1.488719,-0.0177106,-0.0152567,1.710623,0.0700817,-0.1788148,1.465312,-0.0761357,0.0132268,0.7622463,0.041566,0.5872466,-0.5710455,-0.3596322,0.0285466,0.2113338,0.0776518,-0.0013115,-0.0527845,0.0703096,0.1544453,0.059106,-0.1797182,-0.236329,-0.0647658,-0.0134426,-0.1857784,-0.466953,-0.1319782
1.3229,0.0084992,1.625643,0.6763456,0.0804113,1.613372,0.4817289,0.1365974,1.586943,0.3750585,0.1739682,1.538909,0.1243832,0.08073,1.493147,-0.0169031,-0.0152225,1.710428,0.0701397,-0.178722,1.465219,-0.0761671,0.0206559,0.7627744,0.0423703,0.5882909,-0.5767773,-0.3537388,0.0311546,0.2093172,0.0830758,-0.0044166,-0.0526408,0.0725532,0.1036284,0.0527588,-0.1718889,-0.2368783,-0.0658707,-0.0144681,-0.1860956,-0.4678058,-0.1317941
1.345,0.0081421,1.6309,0.6764637,0.0796951,1.618356,0.4815423,0.1361035,1.590635,0.3752101,0.1730348,1.541179,0.1249253,0.0804551,1.493367,-0.016592,-0.0150481,1.710371,0.0700645,-0.1786542,1.46519,-0.0761701,0.0218758,0.7617511,0.0415879,0.5870289,-0.5758225,-0.3545591,0.0361374,0.2090808,0.0788081,-0.0133977,-0.0545142,0.0670143,0.104017,0.0504157,-0.1722706,-0.2373006,-0.06544,-0.0150184,-0.1861475,-0.4685684,-0.1315696
1.367,0.0083546,1.637039,0.6763379,0.0784872,1.6241,0.4810677,0.1354295,1.595182,0.3747051,0.1727653,1.543068,0.1249981,0.0803558,1.493942,-0.0162834,-0.014772,1.710357,0.0700878,-0.1785568,1.465176,-0.0761933,0.018848,0.7588963,0.0348645,0.5887547,-0.5771757,-0.3573039,0.0391393,0.211287,0.0726866,-0.0143994,-0.0565908,0.0689051,0.1032932,0.0488199,-0.1737266,-0.237214,-0.0663474,-0.0147718,-0.1859244,-0.4688883,-0.1314292
1.3897,0.0091183,1.640341,0.6761966,0.0779116,1.626619,0.4806399,0.1347029,1.597757,0.3742939,0.1726981,1.544548,0.124956,0.0804799,1.493934,-0.0159462,-0.0145348,1.710448,0.0701936,-0.1782619,1.465052,-0.0759957,0.0203137,0.7562857,0.034595,0.589653,-0.5778205,-0.3573166,0.0409446,0.2108857,0.0744794,-0.0160946,-0.0566886,0.07197,0.1028337,0.0459665,-0.1725021,-0.2375728,-0.0669027,-0.0147337,-0.1861736,-0.4705648,-0.1310639
1.4117,0.0084597,1.642731,0.6758638,0.0773696,1.629357,0.4801701,0.1342379,1.599732,0.3740755,0.1726384,1.545554,0.1249607,0.0806022,1.493942,-0.0157009,-0.0140148,1.711615,0.0703508,-0.1781269,1.465,-0.0758322,0.0261105,0.756712,0.0410255,0.5884171,-0.5762579,-0.3583614,0.0455517,0.2114278,0.0709943,-0.0188936,-0.0567854,0.0756295,0.1055662,0.0416705,-0.1738273,-0.2427989,-0.0673557,-0.0151162,-0.1864149,-0.4710066,-0.1309695
1.4342,0.0075967,1.644188,0.6756774,0.0768872,1.630632,0.4800471,0.1337922,1.60114,0.3736356,0.172452,1.546152,0.1249314,0.0804556,1.49421,-0.0157889,-0.0139066,1.710497,0.0702991,-0.1779956,1.465053,-0.0755791,0.0244142,0.7569103,0.0392891,0.5894384,-0.577282,-0.3560221,0.045022,0.2131721,0.0734431,-0.0196877,-0.0583884,0.0758943,0.102114,0.0411779,-0.1738892,-0.2365321,-0.0680259,-0.0149539,-0.1866205,-0.4708147,-0.1301344
1.4564,0.0056183,1.64466,0.6748865,0.0759844,1.632054,0.4796608,0.1334405,1.602352,0.3735275,0.1728371,1.546755,0.1248331,0.0809459,1.494957,-0.0172398,-0.0134258,1.710704,0.070467,-0.1778025,1.464947,-0.075177,0.0202095,0.7594253,0.0366668,0.5922025,-0.5746413,-0.3574018,0.0461807,0.2148929,0.0710121,-0.0226036,-0.0587604,0.0777815,0.0888949,0.0386269,-0.1755229,-0.2371362,-0.0685288,-0.0145659,-0.1877763,-0.4705383,-0.1298088
1.4785,0.0052126,1.644902,0.6746356,0.0754473,1.632635,0.4793617,0.1332579,1.602813,0.3732817,0.1729536,1.546887,0.1249221,0.0810319,1.494233,-0.0155947,-0.0132322,1.710527,0.0704314,-0.1775241,1.464952,-0.0749364,0.0190892,0.759886,0.0355585,0.5908471,-0.573432,-0.3582989,0.0465132,0.2163486,0.07086,-0.0233376,-0.0586973,0.0777295,0.1001662,0.0406491,-0.1730077,-0.2364687,-0.069134,-0.0145169,-0.1868214,-0.4711385,-0.1291336
1.501,0.0050609,1.645136,0.6744198,0.0751498,1.63273,0.4792912,0.133125,1.602959,0.3732138,0.1731122,1.546803,0.1249703,0.0811783,1.495126,-0.0175773,-0.0131281,1.710731,0.0706465,-0.1775643,1.465093,-0.0747943,0.0200577,0.759156,0.038348,0.5913686,-0.5734779,-0.3591375,0.0475634,0.2161762,0.0699066,-0.0227137,-0.058377,0.0785917,0.0803606,0.0382709,-0.1753581,-0.237035,-0.0701991,-0.013556,-0.1875115,-0.4702164,-0.130284
1.5234,0.0050126,1.644948,0.6742649,0.0751695,1.63205,0.4793458,0.1331226,1.602878,0.3731529,0.1726011,1.546261,0.124982,0.0811154,1.496398,-0.0191585,-0.0127656,1.710964,0.0707794,-0.177394,1.465019,-0.0744974,0.0197674,0.7603653,0.0401083,0.5922327,-0.5768065,-0.3550375,0.0475924,0.2163379,0.0695007,-0.0218397,-0.0589319,0.070495,0.0608142,0.034275,-0.1780819,-0.2373632,-0.0701998,-0.0137809,-0.1875985,-0.4705085,-0.1300484
1.5452,0.0055389,1.644792,0.6747959,0.0751861,1.632459,0.4793674,0.1333291,1.602689,0.3733061,0.1727308,1.5462,0.1252436,0.0810564,1.49469,-0.0153366,-0.012452,1.710671,0.0708477,-0.1774234,1.465073,-0.0741869,0.0188061,0.7575315,0.0376212,0.591808,-0.5742185,-0.3561422,0.0473353,0.2165123,0.0692979,-0.0226657,-0.0595677,0.069898,0.0911129,0.0396384,-0.1726157,-0.2354169,-0.0707452,-0.0130212,-0.1877228,-0.4700021,-0.1303276
1.5672,0.0048517,1.644699,0.6746257,0.0755476,1.631971,0.4797177,0.1338254,1.602157,0.3737125,0.1734375,1.54607,0.1253654,0.0813343,1.494672,-0.0149892,-0.0118414,1.710837,0.0711526,-0.1769633,1.465075,-0.0739274,0.0183503,0.7605845,0.0364888,0.5939817,-0.574097,-0.3554535,0.0475139,0.2176719,0.0683485,-0.0212426,-0.059194,0.072854,0.0910788,0.0397014,-0.172316,-0.2351872,-0.070486,-0.0120599,-0.1863432,-0.4698004,-0.1299664
1.5896,0.0056797,1.644376,0.6749914,0.0758079,1.631385,0.4799015,0.1339199,1.60178,0.373736,0.1737874,1.545988,0.1256335,0.0820197,1.494289,-0.0147404,-0.0116561,1.71071,0.0713538,-0.1767962,1.465102,-0.0735935,0.017625,0.7586805,0.0365427,0.5931476,-0.5765166,-0.3529216,0.0457812,0.2176211,0.0744134,-0.0214963,-0.0592761,0.0720667,0.0915884,0.0406214,-0.174178,-0.234077,-0.0710638,-0.0117608,-0.1846787,-0.4701263,-0.1295846
1.6117,0.006359,1.644051,0.6755452,0.0762318,1.631741,0.4800068,0.1342168,1.601695,0.3740495,0.1740159,1.545899,0.1259247,0.0820699,1.495438,-0.0176433,-0.0112114,1.710685,0.0714884,-0.1768329,1.465229,-0.0730215,0.0184308,0.7570098,0.0376059,0.593365,-0.5736907,-0.3565276,0.0461314,0.2170542,0.0723661,-0.021997,-0.0582633,0.072225,0.0681624,0.0290184,-0.1759718,-0.2336807,-0.0707177,-0.0115925,-0.1891914,-0.4689029,-0.131178
1.6343,0.0061655,1.643414,0.6756743,0.0766108,1.631708,0.4802853,0.1345998,1.601781,0.3744334,0.1746826,1.546008,0.1262869,0.0816542,1.494228,-0.0138525,-0.010843,1.711086,0.071922,-0.1766579,1.465202,-0.0725055,0.0166587,0.7590463,0.0416025,0.5934415,-0.5738742,-0.3566391,0.0470484,0.2157596,0.072181,-0.0246162,-0.0596084,0.0759458,0.0929137,0.0382137,-0.1705531,-0.2349371,-0.0705687,-0.0113734,-0.1898828,-0.4686982,-0.130836
1.6564,0.007642,1.643083,0.6763616,0.0770504,1.631472,0.4806525,0.1352193,1.601685,0.3748227,0.174912,1.545847,0.1268886,0.0818693,1.494275,-0.0133499,-0.0105384,1.711143,0.0724963,-0.1761516,1.465121,-0.0721423,0.0158846,0.7566441,0.0417027,0.5901162,-0.5763723,-0.3544821,0.0468157,0.2171009,0.0722212,-0.0248376,-0.0581979,0.0733394,0.0923128,0.0370483,-0.1699034,-0.2338951,-0.0719439,-0.0107404,-0.1877,-0.4684766,-0.1320041
1.6785,0.0082279,1.643452,0.6768,0.0775885,1.631284,0.4810547,0.1357228,1.601487,0.3751395,0.1751412,1.545717,0.1270618,0.0820683,1.494299,-0.0129621,-0.0102811,1.711239,0.0729501,-0.1759648,1.465444,-0.0713555,0.018565,0.7563908,0.0410541,0.5911209,-0.5763566,-0.3539604,0.046624,0.2165136,0.072521,-0.0248006,-0.0576257,0.0732764,0.0923904,0.0367922,-0.1706476,-0.2345173,-0.0725352,-0.0104816,-0.1889139,-0.4703626,-0.1302474
1.7008,0.0083682,1.64354,0.6772559,0.0780513,1.631022,0.4815294,0.1360256,1.601225,0.3753972,0.1752276,1.545432,0.127352,0.082198,1.49436,-0.0128107,-0.0097562,1.710802,0.0731346,-0.1758066,1.465695,-0.0710206,0.0195699,0.7564055,0.0414002,0.5921785,-0.5767053,-0.3538663,0.046033,0.216642,0.0745214,-0.0228305,-0.0587479,0.0698281,0.0898611,0.0370252,-0.1693302,-0.2336415,-0.0730504,-0.0105644,-0.1890893,-0.4698803,-0.1306883
1.7232,0.0087565,1.643173,0.6776201,0.0782815,1.63093,0.4817651,0.1364457,1.600846,0.3756339,0.1757782,1.545592,0.1277455,0.0824032,1.494272,-0.0120146,-0.0093142,1.710937,0.0734934,-0.1756115,1.46578,-0.0706203,0.0189906,0.7563291,0.0416712,0.5907293,-0.5768498,-0.3542012,0.0455547,0.2159763,0.0753146,-0.0242404,-0.0577871,0.0736704,0.0931858,0.0357376,-0.170748,-0.2340413,-0.072835,-0.0109628,-0.1895348,-0.4695823,-0.1297921
1.7451,0.009381,1.642568,0.677967,0.0788204,1.6307,0.482121,0.1368468,1.600649,0.3761465,0.1761628,1.545379,0.1281311,0.0823644,1.49408,-0.0116765,-0.0090206,1.710875,0.0739136,-0.1756961,1.465531,-0.0703592,0.0180422,0.7556957,0.0425418,0.5922486,-0.5762133,-0.3549093,0.046395,0.2154533,0.0723438,-0.0235235,-0.0580896,0.0743238,0.0922904,0.0316851,-0.1697241,-0.2337681,-0.0730839,-0.0109997,-0.1919442,-0.466604,-0.1309745
1.7672,0.0100905,1.641078,0.6784792,0.0794309,1.630001,0.4826875,0.1374528,1.600196,0.3765989,0.1763863,1.544888,0.1287971,0.0833215,1.494275,-0.0115856,-0.0087479,1.710774,0.0745722,-0.1754068,1.465897,-0.0694307,0.0131385,0.7550338,0.0456463,0.5937303,-0.5759313,-0.3542934,0.0458934,0.2165045,0.0747194,-0.0248994,-0.0572581,0.0694938,0.0880269,0.0361317,-0.1692846,-0.234061,-0.0739798,-0.0101188,-0.1914185,-0.4679502,-0.1304384
1.7895,0.0102103,1.640549,0.6788169,0.079721,1.629697,0.482877,0.1379966,1.599529,0.3769966,0.1769581,1.544747,0.1291579,0.0835475,1.494526,-0.0114533,-0.0084634,1.710994,0.0751362,-0.175271,1.465946,-0.0690484,0.0133667,0.7560301,0.0472833,0.5906658,-0.5761548,-0.3543208,0.0461214,0.2181728,0.0754463,-0.0225037,-0.0558992,0.0729337,0.0859046,0.0385268,-0.169882,-0.2353322,-0.0737996,-0.0099393,-0.1911481,-0.4671331,-0.1307376
1.8117,0.0104222,1.640386,0.6792459,0.0802331,1.629168,0.4833776,0.1384585,1.599193,0.3774944,0.1773526,1.544446,0.1294214,0.0837266,1.494253,-0.0108512,-0.0081155,1.71112,0.0755068,-0.1751166,1.466079,-0.0687755,0.0168611,0.7562654,0.0494747,0.5913426,-0.5761258,-0.3535557,0.0466607,0.2155708,0.0728223,-0.0230218,-0.0565697,0.0716096,0.0878889,0.0375665,-0.1690002,-0.2366152,-0.0733153,-0.0094635,-0.1912617,-0.4669916,-0.1323851
1.8343,0.0106478,1.639285,0.6793063,0.0807072,1.628787,0.4837316,0.138752,1.59885,0.3777437,0.1774289,1.544187,0.129777,0.0840368,1.49467,-0.0111047,-0.0078149,1.711084,0.0759184,-0.1749162,1.466177,-0.0682954,0.0105568,0.7579932,0.0469233,0.591491,-0.5758328,-0.3539449,0.0452416,0.2167775,0.0756424,-0.0235752,-0.0571269,0.0691536,0.0807567,0.034859,-0.1711398,-0.2361685,-0.0726933,-0.0102169,-0.1906575,-0.4674531,-0.1319195
1.8564,0.0115795,1.638692,0.6803547,0.0808322,1.628401,0.4841781,0.1388174,1.598601,0.378327,0.1778365,1.544003,0.1303249,0.0838808,1.495691,-0.0132283,-0.0074494,1.71078,0.0763792,-0.1746316,1.466309,-0.067628,0.0162172,0.7546644,0.0528258,0.5900835,-0.5752734,-0.3544772,0.0450153,0.2164384,0.0765379,-0.0235157,-0.0570366,0.0699493,0.0576835,0.0268977,-0.1723992,-0.2347015,-0.0731881,-0.009094,-0.1902034,-0.4669186,-0.1322359
1.8783,0.0117574,1.638291,0.6806951,0.080911,1.628043,0.4845932,0.1390106,1.598284,0.3785823,0.1776793,1.543669,0.1305388,0.0839141,1.493922,-0.009184,-0.0074126,1.710874,0.0768979,-0.174681,1.466349,-0.0671581,0.0139235,0.7544256,0.0519677,0.5907975,-0.5755098,-0.3548203,0.0443882,0.2173481,0.0759936,-0.0224328,-0.0564033,0.0661425,0.0896293,0.0337683,-0.1673453,-0.2346268,-0.0738984,-0.0088718,-0.1928271,-0.4660356,-0.1323296
1.9002,0.0111647,1.638024,0.6807088,0.0809447,1.627819,0.4847859,0.1392606,1.598045,0.3790004,0.17842,1.543489,0.130638,0.0843112,1.493675,-0.0090267,-0.0072043,1.711023,0.0772887,-0.1747627,1.466328,-0.0665872,0.0138601,0.7564408,0.052698,0.590343,-0.5757846,-0.3552272,0.045729,0.2169006,0.076661,-0.0181745,-0.0555709,0.0722307,0.0891011,0.039069,-0.1685352,-0.2350494,-0.0735414,-0.0083915,-0.1933735,-0.465998,-0.1318014
1.9232,0.0112628,1.638226,0.6809274,0.0809635,1.62762,0.4850167,0.1394064,1.597774,0.3793369,0.1782845,1.543302,0.1312008,0.0839174,1.493822,-0.0087748,-0.0069729,1.71133,0.0777629,-0.1743682,1.466459,-0.0663433,0.013561,0.7559175,0.0508,0.5915938,-0.5760568,-0.3540663,0.0456486,0.2171913,0.0755992,-0.020341,-0.0550175,0.0670323,0.0848033,0.0337631,-0.165565,-0.2362316,-0.0737659,-0.007685,-0.1921519,-0.4671769,-0.1311425
1.9447,0.011092,1.638298,0.6810451,0.0810018,1.627177,0.4853167,0.139513,1.597497,0.3796267,0.1788182,1.543365,0.1317082,0.0845484,1.493971,-0.0088342,-0.0065396,1.711026,0.0778859,-0.1744692,1.466262,-0.0659292,0.0137928,0.756128,0.0504716,0.5912128,-0.5777744,-0.3513371,0.0460873,0.2181081,0.0737601,-0.0208574,-0.0552999,0.0700261,0.0816116,0.0367988,-0.1666787,-0.2351809,-0.0734767,-0.008789,-0.1945469,-0.4654863,-0.1319468
1.967,0.0108555,1.637925,0.6812492,0.0806603,1.626973,0.4855447,0.1395311,1.597359,0.3799576,0.1784718,1.542916,0.1323493,0.0841458,1.493673,-0.007509,-0.0060815,1.711118,0.0783604,-0.1740605,1.466451,-0.0653582,0.0115194,0.756471,0.0471779,0.5910321,-0.5782709,-0.3506124,0.0463062,0.2190114,0.0726343,-0.0211018,-0.0553362,0.0636951,0.0880373,0.0339489,-0.1670825,-0.2346223,-0.0740317,-0.0076292,-0.1927798,-0.4659919,-0.1324017
1.9896,0.0109637,1.637716,0.6814049,0.0804939,1.626905,0.4856502,0.1393913,1.597169,0.3800477,0.1788582,1.542845,0.1325473,0.0844825,1.493661,-0.0069325,-0.0060143,1.711311,0.0789042,-0.1741014,1.46654,-0.0649556,0.0104312,0.7558782,0.0464875,0.591501,-0.5775382,-0.3505276,0.0445542,0.2201958,0.0747841,-0.020961,-0.0558578,0.0667582,0.0898694,0.032623,-0.1677114,-0.2348272,-0.0754592,-0.0066324,-0.1930301,-0.4650684,-0.1329181
2.0115,0.0104104,1.637429,0.6815541,0.0804733,1.627094,0.4856368,0.1393651,1.596989,0.3802878,0.1794038,1.54273,0.132731,0.0844581,1.49349,-0.0066604,-0.0057985,1.711012,0.0791512,-0.1741956,1.466414,-0.0645461,0.0107154,0.7563452,0.0482645,0.5909719,-0.5756685,-0.3517911,0.0442247,0.2206711,0.0752092,-0.0187079,-0.0566941,0.0716486,0.0916307,0.030027,-0.1672549,-0.2350515,-0.0762329,-0.0084957,-0.1934173,-0.4655162,-0.133898
2.0343,0.0092126,1.637177,0.681405,0.0801433,1.626223,0.4861167,0.1394194,1.59679,0.3805228,0.1794928,1.542622,0.1330855,0.0845222,1.493569,-0.006302,-0.0054968,1.710961,0.0793376,-0.1742033,1.466538,-0.0638246,0.0127398,0.7593818,0.0515196,0.5913981,-0.5787404,-0.3473741,0.0451774,0.2214371,0.0756641,-0.0193598,-0.0569547,0.071671,0.0908925,0.0323232,-0.168499,-0.2344577,-0.0761517,-0.0081481,-0.1958615,-0.46488,-0.1328858
2.0561,0.0083304,1.636584,0.6815101,0.0799903,1.62669,0.486237,0.139374,1.596517,0.3809019,0.1794664,1.542239,0.1336961,0.0848448,1.494021,-0.0067661,-0.0052849,1.711052,0.0797198,-0.1741527,1.466267,-0.0632113,0.0102427,0.7604734,0.0516047,0.5907818,-0.5739561,-0.3504852,0.0445425,0.2214703,0.0772781,-0.018937,-0.0562845,0.0671884,0.0829178,0.0316203,-0.1674367,-0.233351,-0.0768722,-0.0058719,-0.1965543,-0.4656464,-0.132827
2.0777,0.0079311,1.636353,0.6816064,0.0799573,1.626633,0.4863691,0.139401,1.596454,0.3811458,0.1795425,1.542112,0.1341646,0.0849034,1.493978,-0.0064093,-0.0051006,1.71099,0.0798757,-0.1740198,1.46625,-0.0629813,0.0106439,0.7609062,0.0527163,0.5918987,-0.5729805,-0.350693,0.0451366,0.2241165,0.0764702,-0.0192518,-0.0552451,0.0653429,0.080675,0.0336449,-0.1667177,-0.2325964,-0.0768352,-0.0054445,-0.1946561,-0.4662503,-0.1327374
2.0998,0.0077986,1.636357,0.6817942,0.0798039,1.626527,0.486491,0.1393144,1.596355,0.3813195,0.179486,1.542043,0.1347723,0.0844838,1.493568,-0.0048647,-0.0049494,1.711303,0.0803308,-0.173734,1.466331,-0.0626169,0.0119095,0.7598336,0.0550938,0.59173,-0.573867,-0.3503984,0.0446686,0.2249459,0.0773361,-0.021884,-0.0537482,0.0615202,0.0892449,0.0348191,-0.1638705,-0.2330012,-0.0765474,-0.0051551,-0.1942248,-0.4668616,-0.131493
2.1224,0.0075992,1.636135,0.6819148,0.079805,1.626188,0.4868874,0.139431,1.596204,0.3818469,0.1801776,1.541866,0.1348035,0.084458,1.493464,-0.0045303,-0.0047801,1.711275,0.080551,-0.1738717,1.466401,-0.0621155,0.010029,0.7596293,0.054524,0.5945836,-0.5744263,-0.3492981,0.0467218,0.2235281,0.0738334,-0.0176974,-0.0547239,0.0703623,0.0906358,0.0303982,-0.1638246,-0.2325248,-0.0763586,-0.0052749,-0.1941683,-0.4681265,-0.1310974
2.1448,0.0070043,1.635801,0.6820151,0.0795848,1.625921,0.4869215,0.1396049,1.595758,0.3822135,0.1798569,1.541406,0.1352082,0.0846682,1.493285,-0.0041442,-0.0048162,1.711328,0.0809701,-0.1738985,1.466229,-0.0616521,0.0088187,0.7604235,0.0537378,0.5946801,-0.5745282,-0.3486556,0.0477286,0.223703,0.0690924,-0.0185618,-0.0560939,0.066328,0.0925131,0.0314575,-0.1629829,-0.232702,-0.0768165,-0.0052579,-0.1959786,-0.467502,-0.1322735
2.167,0.0064106,1.634742,0.6821953,0.0794163,1.625831,0.4871378,0.1394596,1.595501,0.3825535,0.1795258,1.54108,0.1357335,0.0849472,1.493205,-0.0037774,-0.0048153,1.711312,0.0815408,-0.1740734,1.466127,-0.0612635,0.0039507,0.7630932,0.0559202,0.5923978,-0.574117,-0.3481942,0.0465253,0.2242678,0.0722784,-0.0189983,-0.0552468,0.0615865,0.089653,0.0318722,-0.1642496,-0.2327286,-0.0770404,-0.0051318,-0.1967038,-0.4644088,-0.1317565
2.1894,0.0061865,1.634573,0.6825014,0.0792611,1.625507,0.4874262,0.1394174,1.595164,0.382839,0.1800156,1.541086,0.1361386,0.0849667,1.493304,-0.0033427,-0.0046785,1.71122,0.0818689,-0.1738392,1.466255,-0.0607996,0.0042694,0.7621255,0.0523747,0.5914637,-0.5740176,-0.347314,0.0459973,0.2242232,0.0749795,-0.0177529,-0.0544227,0.0654782,0.0891102,0.0313047,-0.1651402,-0.2323343,-0.076854,-0.005168,-0.1955012,-0.4668184,-0.1328007
2.2116,0.0056543,1.634013,0.6825887,0.0792842,1.625126,0.4877031,0.139461,1.594876,0.3831786,0.1799648,1.540827,0.1367312,0.0849479,1.49331,-0.0028334,-0.0047116,1.711224,0.0822083,-0.1737472,1.466302,-0.0604518,0.0041932,0.7636676,0.0532409,0.5921136,-0.5736777,-0.3475578,0.0446811,0.2246105,0.0757776,-0.0196476,-0.0542544,0.0602507,0.0893934,0.0320185,-0.1655896,-0.2325978,-0.0770339,-0.0049218,-0.1951312,-0.4676183,-0.1317692
2.2339,0.0058993,1.633316,0.682973,0.0791184,1.624804,0.4881082,0.1394223,1.594663,0.3835638,0.1803289,1.540623,0.1368534,0.0846362,1.493381,-0.0025423,-0.0045673,1.711326,0.0826277,-0.1736943,1.466236,-0.0602298,0.0054456,0.7628008,0.0578504,0.5921292,-0.573975,-0.3476455,0.0459466,0.2251027,0.0766371,-0.0165859,-0.0542015,0.0635979,0.0898208,0.0311266,-0.1639495,-0.2329484,-0.0765347,-0.0041337,-0.1937382,-0.4676158,-0.1314403
2.256,0.0053668,1.632554,0.683447,0.0789002,1.623889,0.4886983,0.1392069,1.594186,0.3839265,0.1807887,1.540467,0.1372984,0.0830624,1.489576,0.0004595,-0.0045851,1.711265,0.0831442,-0.173773,1.466231,-0.0598079,0.0038122,0.7630019,0.0563466,0.5920149,-0.5746759,-0.3454956,0.0439836,0.2260425,0.0796162,-0.0165961,-0.0542992,0.0676195,0.1460342,0.0009557,-0.1568437,-0.2329506,-0.0764172,-0.0039888,-0.1932218,-0.467472,-0.1314754
2.2778,0.005109,1.632102,0.6837531,0.0789428,1.623231,0.4890208,0.1392278,1.593922,0.3842588,0.1806304,1.540107,0.1376541,0.0849599,1.493281,-0.0015572,-0.0046655,1.711093,0.0835013,-0.1736274,1.466164,-0.0595278,0.0026465,0.7633971,0.0544839,0.5933362,-0.57578,-0.3445955,0.0440701,0.2255767,0.0783883,-0.014186,-0.056707,0.0668092,0.0904192,0.0343677,-0.1640402,-0.232167,-0.0768073,-0.0040475,-0.1928315,-0.4673358,-0.1304894
2.3,0.0048269,1.631597,0.6841433,0.0789404,1.622988,0.4895094,0.1393015,1.593558,0.3845881,0.1807675,1.539955,0.1380682,0.0850793,1.493296,-0.0015155,-0.0046095,1.710876,0.0837628,-0.173663,1.466234,-0.059449,0.0032558,0.7631617,0.0577129,0.5950371,-0.5748284,-0.3439728,0.0434882,0.2263719,0.0764349,-0.0140268,-0.0568242,0.0678185,0.089354,0.0335635,-0.1656203,-0.2317567,-0.0769573,-0.0037313,-0.1929509,-0.4668838,-0.1317283
2.3223,0.0045343,1.631054,0.6842107,0.078915,1.622444,0.4898527,0.1394386,1.593077,0.3849575,0.1804963,1.539623,0.1383272,0.0849502,1.493069,-0.0008365,-0.0046081,1.711166,0.0841485,-0.1735872,1.466299,-0.0592187,0.0023094,0.7646568,0.0571716,0.5943058,-0.5745797,-0.3446023,0.0421128,0.2268631,0.0744928,-0.0141144,-0.0558348,0.0631658,0.0894049,0.0347658,-0.1639125,-0.2331225,-0.0767616,-0.0041932,-0.1926948,-0.466635,-0.1314329
2.3446,0.0047482,1.630191,0.6844226,0.0789378,1.62229,0.4901517,0.1394153,1.592753,0.385358,0.1808228,1.539589,0.1388247,0.0851806,1.492979,-0.0007072,-0.0045298,1.710807,0.08438,-0.1736255,1.466317,-0.0587259,0.0027247,0.7641917,0.0603673,0.5938841,-0.5738755,-0.3461667,0.0418115,0.2262262,0.0753273,-0.0153635,-0.0551376,0.0646942,0.0894887,0.0336119,-0.1628851,-0.2319684,-0.0768277,-0.0044866,-0.1945166,-0.4672035,-0.1315579
2.3666,0.0053407,1.629873,0.6849345,0.0790343,1.622252,0.4902716,0.1393693,1.592693,0.3856118,0.1801284,1.539751,0.1394644,0.0851872,1.493163,-0.0006201,-0.0045016,1.710903,0.0845421,-0.1736982,1.466251,-0.0584437,0.0017312,0.7630798,0.0590175,0.5936433,-0.5732633,-0.3471295,0.0431501,0.2269941,0.0752526,-0.0196403,-0.0549793,0.056953,0.0864388,0.0352468,-0.1625168,-0.2324731,-0.0763437,-0.004684,-0.1955597,-0.4664085,-0.1318658
